1,0,0,0,0,1,0,0,0,0,1,0,-1,0,-10,1|
1,0,0,0,0,1,0,0,0,0,1,0,-1,0,-11.08,1|
0.996802,0,-0.0799147,0,0,1,0,0,0.0799147,0,0.996802,0,-0.714363,0,-8.46743,1|
0.877584,0,-0.479426,0,0,1,0,0,0.479426,0,0.877584,0,-1.40121,0,-10.6752,1|
0.992811,0,-0.119712,0,0,1,0,0,0.119712,0,0.992811,0,-0.931183,0,-8.80936,1|
0.867821,0,-0.496881,0,0,1,0,0,0.496881,0,0.867821,0,-1.40819,0,-9.64249,1|
