0.189642,0,0.981859,0,0,1,0,0,-0.981859,0,0.189642,0,0.252093,0,3.60436,1|
0.0507747,0,0.998716,0,0,1,0,0,-0.998716,0,0.0507747,0,-0.0321634,0,1.14654,1|
0.0507747,0,0.998716,0,0,1,0,0,-0.998716,0,0.0507747,0,0.0673549,0,3.10402,1|
0.248177,0,0.968723,0,0,1,0,0,-0.968723,0,0.248177,0,0.55154,0,0.332796,1|
